               3P0                         3P2
   w(a.u.)    alpha0                alpha0       alpha2
  0.000000   0.2920E+03           0.4072E+03  -0.6708E+02
  0.001000   0.2922E+03  	  0.4076E+03  -0.6712E+02
  0.002000   0.2927E+03  	  0.4089E+03  -0.6724E+02
  0.003000   0.2936E+03  	  0.4111E+03  -0.6743E+02
  0.004000   0.2948E+03  	  0.4143E+03  -0.6771E+02
  0.005000   0.2964E+03  	  0.4185E+03  -0.6806E+02
  0.006000   0.2983E+03  	  0.4237E+03  -0.6850E+02
  0.007000   0.3007E+03  	  0.4302E+03  -0.6902E+02
  0.008000   0.3035E+03  	  0.4380E+03  -0.6963E+02
  0.009000   0.3068E+03  	  0.4474E+03  -0.7033E+02
  0.010000   0.3106E+03  	  0.4587E+03  -0.7111E+02
  0.011000   0.3150E+03  	  0.4721E+03  -0.7197E+02
  0.012000   0.3200E+03  	  0.4881E+03  -0.7290E+02
  0.013000   0.3257E+03  	  0.5075E+03  -0.7388E+02
  0.014000   0.3322E+03  	  0.5310E+03  -0.7487E+02
  0.015000   0.3396E+03  	  0.5599E+03  -0.7577E+02
  0.016000   0.3481E+03  	  0.5962E+03  -0.7641E+02
  0.017000   0.3578E+03  	  0.6428E+03  -0.7643E+02
  0.018000   0.3689E+03  	  0.7049E+03  -0.7507E+02
  0.019000   0.3819E+03  	  0.7919E+03  -0.7050E+02
  0.020000   0.3970E+03  	  0.9245E+03  -0.5811E+02
  0.021000   0.4148E+03  	  0.1174E+04  -0.3225E+02
  0.022000   0.4360E+03  	  0.1610E+04   0.3879E+03
  0.023000   0.4616E+03  	 -0.1511E+03  -0.1958E+04
  0.024000   0.4931E+03  	  0.2124E+04  -0.1035E+04
  0.025000   0.5326E+03  	  0.1606E+05  -0.4825E+04
  0.026000   0.5837E+03  	 -0.3020E+04   0.6999E+03
  0.027000   0.6521E+03  	 -0.1290E+04   0.2443E+03
  0.028000   0.7483E+03  	 -0.7681E+03   0.1189E+03
  0.029000   0.8937E+03  	 -0.5135E+03   0.6186E+02
  0.030000   0.1139E+04  	 -0.3614E+03   0.2955E+02
  0.031000   0.1639E+04  	 -0.2598E+03   0.8670E+01
  0.032000   0.3229E+04  	 -0.1865E+03  -0.6059E+01
  0.033000  -0.3381E+05  	 -0.1307E+03  -0.1710E+02
  0.034000  -0.2403E+04  	 -0.8624E+02  -0.2563E+02
  0.035000  -0.1161E+04  	 -0.4886E+02  -0.3182E+02
  0.036000  -0.7241E+03  	 -0.1136E+02  -0.3126E+02
  0.037000  -0.5009E+03  	 -0.1434E+02  -0.6639E+02
  0.038000  -0.3650E+03  	  0.2005E+02  -0.6071E+02
  0.039000  -0.2734E+03  	  0.4232E+02  -0.6466E+02
  0.040000  -0.2072E+03  	  0.6167E+02  -0.6982E+02
  0.041000  -0.1570E+03  	  0.7935E+02  -0.7553E+02
  0.042000  -0.1173E+03  	  0.9600E+02  -0.8170E+02
  0.043000  -0.8514E+02  	  0.1120E+03  -0.8839E+02
  0.044000  -0.5829E+02  	  0.1278E+03  -0.9573E+02
  0.045000  -0.3541E+02  	  0.1436E+03  -0.1039E+03
  0.046000  -0.1554E+02  	  0.1598E+03  -0.1130E+03
  0.047000   0.2033E+01  	  0.1768E+03  -0.1235E+03
  0.048000   0.1782E+02  	  0.1950E+03  -0.1357E+03
  0.049000   0.3223E+02  	  0.2150E+03  -0.1500E+03
  0.050000   0.4559E+02  	  0.2377E+03  -0.1673E+03
  0.051000   0.5814E+02  	  0.2641E+03  -0.1885E+03
  0.052000   0.7013E+02  	  0.2960E+03  -0.2154E+03
  0.053000   0.8174E+02  	  0.3360E+03  -0.2507E+03
  0.054000   0.9316E+02  	  0.3890E+03  -0.2992E+03
  0.055000   0.1046E+03  	  0.4641E+03  -0.3698E+03
  0.056000   0.1162E+03  	  0.5815E+03  -0.4828E+03
  0.057000   0.1282E+03  	  0.7957E+03  -0.6928E+03
  0.058000   0.1408E+03  	  0.1326E+04  -0.1219E+04
  0.059000   0.1544E+03  	  0.5081E+04  -0.4970E+04
  0.060000   0.1693E+03  	 -0.2299E+04   0.2414E+04
  0.061000   0.1861E+03  	 -0.8546E+03   0.9744E+03
  0.062000   0.2055E+03  	 -0.4875E+03   0.6115E+03
  0.063000   0.2286E+03  	 -0.3179E+03   0.4461E+03
  0.064000   0.2572E+03  	 -0.2189E+03   0.3515E+03
  0.065000   0.2943E+03  	 -0.1531E+03   0.2902E+03
  0.066000   0.3454E+03  	 -0.1056E+03   0.2473E+03
  0.067000   0.4220E+03  	 -0.6910E+02   0.2155E+03
  0.068000   0.5529E+03  	 -0.3975E+02   0.1910E+03
  0.069000   0.8349E+03  	 -0.1524E+02   0.1716E+03
  0.070000   0.1934E+04  	  0.5887E+01   0.1557E+03
  0.071000  -0.3828E+04  	  0.2460E+02   0.1426E+03
  0.072000  -0.8490E+03  	  0.4160E+02   0.1315E+03
  0.073000  -0.4355E+03  	  0.5737E+02   0.1220E+03
  0.074000  -0.2687E+03  	  0.7233E+02   0.1137E+03
  0.075000  -0.1773E+03  	  0.8680E+02   0.1064E+03
  0.076000  -0.1186E+03  	  0.1011E+03   0.9998E+02
  0.077000  -0.7702E+02  	  0.1154E+03   0.9417E+02
  0.078000  -0.4552E+02  	  0.1300E+03   0.8889E+02
  0.079000  -0.2036E+02  	  0.1453E+03   0.8402E+02
  0.080000   0.5851E+00  	  0.1616E+03   0.7948E+02
  0.081000   0.1862E+02  	  0.1792E+03   0.7518E+02
  0.082000   0.3462E+02  	  0.1988E+03   0.7104E+02
  0.083000   0.4919E+02  	  0.2211E+03   0.6695E+02
  0.084000   0.6277E+02  	  0.2471E+03   0.6282E+02
  0.085000   0.7570E+02  	  0.2786E+03   0.5850E+02
  0.085650   0.8390E+02       0.3033E+03   0.5552E+02
  0.086000   0.8827E+02    0.3183E+03   0.5383E+02
  0.087000   0.1007E+03  	  0.3711E+03   0.4853E+02
  0.088000   0.1133E+03  	  0.4464E+03   0.4225E+02
  0.089000   0.1262E+03  	  0.5662E+03   0.3461E+02
  0.090000   0.1397E+03  	  0.7954E+03   0.2708E+02
  0.091000   0.1541E+03  	  0.1466E+04   0.6558E+02
  0.092000   0.1698E+03  	  0.5633E+04  -0.2116E+04
  0.093000   0.1873E+03  	 -0.1614E+04   0.2583E+03
  0.094000   0.2072E+03  	 -0.6264E+03   0.1513E+03
  0.095000   0.2305E+03  	 -0.3408E+03   0.1114E+03
  0.096000   0.2587E+03  	 -0.1960E+03   0.8970E+02
  0.097000   0.2944E+03  	 -0.1010E+03   0.7191E+02
  0.098000   0.3421E+03  	 -0.2198E+02   0.4837E+02
  0.099000   0.4109E+03  	  0.8867E+02  -0.1849E+02
